cities:[0,1,2,3,4,5,6,7,8,9,10,11,12,13,14,15,16,17,18,19]
coordinatesx:[269,723,985,299,562,166,232,479,821,585,600,922,414,345,547,77,99,212,908,915]
coordinatesy:[198,972,570,738,412,513,784,343,73,173,758,815,18,737,90,864,536,931,655,480]
ncities:20
maxdistance:2906
distancevector:[0,897,806,540,362,331,587,255,565,316,650,898,231,544,298,693,378,735,785,704,897,0,479,484,582,721,525,674,904,810,246,253,1002,445,899,654,761,512,367,528,806,479,0,706,451,820,782,554,523,563,428,252,794,661,649,954,886,853,114,114,540,484,706,0,418,261,81,434,845,633,301,627,729,46,693,255,284,211,614,667,362,582,451,418,0,408,497,107,426,240,348,540,420,390,322,662,479,625,422,359,331,721,820,261,408,0,278,356,789,539,498,814,553,286,569,362,70,420,755,749,587,525,782,81,497,278,0,505,923,705,368,690,787,122,762,174,281,148,688,747,255,674,554,434,107,356,505,0,435,200,432,647,331,416,261,658,426,645,530,457,565,904,523,845,426,789,923,435,0,256,719,748,410,816,274,1085,857,1052,588,417,316,810,563,633,240,539,705,200,256,0,585,725,230,612,91,857,606,844,580,450,650,246,428,301,348,498,368,432,719,585,0,327,763,255,670,533,547,424,324,420,898,253,252,627,540,814,690,647,748,725,327,0,945,582,816,846,869,719,160,335,231,1002,794,729,420,553,787,331,410,230,763,945,0,722,151,910,606,935,806,681,544,445,661,46,390,286,122,416,816,612,255,582,722,0,677,296,317,235,568,625,298,899,649,693,322,569,762,261,274,91,670,816,151,677,0,905,632,905,670,536,693,654,954,255,662,362,174,658,1085,857,533,846,910,296,905,0,328,150,856,921,378,761,886,284,479,70,281,426,857,606,547,869,606,317,632,328,0,410,817,817,735,512,853,211,625,420,148,645,1052,844,424,719,935,235,905,150,410,0,748,835,785,367,114,614,422,755,688,530,588,580,324,160,806,568,670,856,817,748,0,175,704,528,114,667,359,749,747,457,417,450,420,335,681,625,536,921,817,835,175,0]
solution:0
param:0.65
MZN:/Users/nitiny/kpc/output/cases/tsp/tsp-20-2/mzn/4/4-0.65.dzn