cities:[0,1,2,3,4,5,6,7,8,9,10,11,12,13,14,15,16,17,18,19]
coordinatesx:[701,669,139,185,766,281,447,50,868,481,124,816,308,167,596,534,886,742,997,313]
coordinatesy:[184,655,203,515,347,427,365,241,365,754,624,110,152,319,457,712,724,199,232,784]
ncities:20
maxdistance:5142
distancevector:[0,472,562,613,175,485,311,653,246,610,725,136,394,550,292,553,570,43,299,714,472,0,696,503,322,450,365,744,351,212,545,564,619,604,211,146,227,461,535,378,562,696,0,315,643,265,348,96,746,648,421,683,176,119,522,644,910,603,858,606,613,503,315,0,604,130,301,305,699,380,124,749,383,196,415,400,731,640,859,297,175,322,643,604,0,491,319,723,103,496,699,242,497,599,202,432,395,149,258,629,485,450,265,130,491,0,177,296,590,383,251,621,276,157,316,381,673,514,742,358,311,365,348,301,319,177,0,415,421,390,414,448,254,283,175,357,567,338,565,439,653,744,96,305,723,296,415,0,827,670,390,777,272,140,587,675,965,693,947,603,246,351,746,699,103,590,421,827,0,548,787,260,599,702,287,481,359,208,185,695,610,212,648,380,496,383,390,670,548,0,379,725,626,536,318,67,406,613,733,170,725,545,421,124,699,251,414,390,787,379,0,862,506,308,500,419,768,750,956,247,136,564,683,749,242,621,448,777,260,725,862,0,509,681,410,664,617,115,218,841,394,619,176,383,497,276,254,272,599,626,506,509,0,218,419,603,813,436,693,632,550,604,119,196,599,157,283,140,702,536,308,681,218,0,450,537,825,587,834,487,292,211,522,415,202,316,175,587,287,318,500,410,419,450,0,262,394,296,459,432,553,146,644,400,432,381,357,675,481,67,419,664,603,537,262,0,352,553,666,232,570,227,910,731,395,673,567,965,359,406,768,617,813,825,394,352,0,544,504,576,43,461,603,640,149,514,338,693,208,613,750,115,436,587,296,553,544,0,257,725,299,535,858,859,258,742,565,947,185,733,956,218,693,834,459,666,504,257,0,878,714,378,606,297,629,358,439,603,695,170,247,841,632,487,432,232,576,725,878,0]
solution:1
param:1.15
MZN:/Users/nitiny/kpc/output/cases/tsp/tsp-20-2/mzn/14/14-1.15.dzn