cities:[0,1,2,3,4,5,6,7,8,9,10,11,12,13,14,15,16,17,18,19]
coordinatesx:[510,456,141,451,336,899,320,823,73,548,407,922,718,630,517,590,913,611,171,971]
coordinatesy:[37,331,113,863,25,732,476,71,57,387,42,928,239,764,962,292,945,122,942,347]
ncities:20
maxdistance:4248
distancevector:[0,298,376,828,174,796,478,314,437,352,103,981,289,736,925,267,993,132,966,555,298,0,383,532,328,597,198,449,470,107,293,757,277,466,633,139,765,260,674,515,376,383,0,811,213,978,404,683,88,490,275,1128,590,814,928,483,1134,470,829,862,828,532,811,0,845,466,408,875,890,485,822,475,678,204,118,587,469,758,290,732,174,328,213,845,0,903,451,489,264,419,73,1076,437,795,954,368,1085,291,931,711,796,597,978,466,903,0,633,665,1066,492,847,197,525,270,445,537,213,674,757,391,478,198,404,408,451,633,0,645,486,244,442,752,463,423,524,326,756,458,489,663,314,449,683,875,489,665,645,0,750,418,417,862,198,719,942,321,878,218,1088,313,437,470,88,890,264,1066,486,750,0,578,334,1216,670,900,1008,567,1222,541,890,943,352,107,490,485,419,492,244,418,578,0,372,657,225,385,575,103,666,272,670,424,103,293,275,822,73,847,442,417,334,372,0,1024,368,755,926,309,1035,219,930,641,981,757,1128,475,1076,197,752,862,1216,657,1024,0,718,334,406,717,19,863,751,583,289,277,590,678,437,525,463,198,670,225,368,718,0,532,750,138,732,158,890,275,736,466,814,204,795,270,423,719,900,385,755,334,532,0,227,473,335,642,492,538,925,633,928,118,954,445,524,942,1008,575,926,406,750,227,0,673,396,845,346,764,267,139,483,587,368,537,326,321,567,103,309,717,138,473,673,0,728,171,773,384,993,765,1134,469,1085,213,756,878,1222,666,1035,19,732,335,396,728,0,876,742,600,132,260,470,758,291,674,458,218,541,272,219,863,158,642,845,171,876,0,930,424,966,674,829,290,931,757,489,1088,890,670,930,751,890,492,346,773,742,930,0,997,555,515,862,732,711,391,663,313,943,424,641,583,275,538,764,384,600,424,997,0]
solution:0
param:0.95
MZN:/Users/nitiny/kpc/output/cases/tsp/tsp-20-2/mzn/17/17-0.95.dzn